<?xml version="1.0"?>
<opencv_storage>
<BOW type_id="opencv-matrix">
  <rows>20</rows>
  <cols>128</cols>
  <dt>f</dt>
  <data>
    2.10398922e+001 4.60372305e+000 4.89361668e+000 1.95132980e+001
    1.15013298e+002 2.01462765e+001 3.71010637e+000 5.21808481e+000
    1.31569138e+002 2.34734039e+001 5.56117010e+000 7.26861668e+000
    2.63723392e+001 3.69414878e+000 4.38829756e+000 3.61515961e+001
    8.08643570e+001 1.51037226e+001 5.36436176e+000 3.01595736e+000
    6.38563824e+000 5.64893579e+000 1.25877657e+001 2.81542549e+001
    1.40691481e+001 6.31382942e+000 4.00531912e+000 4.78191471e+000
    1.04281912e+001 6.40425491e+000 1.24069147e+001 7.50797844e+000
    2.87765942e+001 4.29787207e+000 3.42553186e+000 2.56914883e+001
    1.28914886e+002 2.47819138e+001 2.63297868e+000 4.43617010e+000
    1.47109039e+002 2.05053177e+001 3.31914878e+000 6.34574461e+000
    2.97021275e+001 4.82978725e+000 3.52127647e+000 3.94813805e+001
    9.64521255e+001 1.64973392e+001 1.08031912e+001 5.54255295e+000
    7.27393579e+000 9.65691471e+000 1.18271275e+001 2.68776588e+001
    1.56382971e+001 9.50000000e+000 7.48670197e+000 7.25797844e+000
    1.19255314e+001 6.42287207e+000 7.73138285e+000 1.00957441e+001
    2.96542549e+001 3.64095736e+000 1.98670208e+000 2.10718079e+001
    1.31412231e+002 2.34441490e+001 1.84574461e+000 3.55851054e+000
    1.48457443e+002 3.88191490e+001 5.26861668e+000 5.64893579e+000
    3.00718079e+001 5.30585098e+000 2.13031912e+000 1.70425529e+001
    9.28351059e+001 3.89148941e+001 2.13909569e+001 9.41223335e+000
    7.78989315e+000 7.45212746e+000 8.04521275e+000 1.19015951e+001
    1.92845745e+001 1.44335098e+001 1.01250000e+001 7.40691471e+000
    1.06728716e+001 6.70478725e+000 7.43351030e+000 8.05319118e+000
    2.23750000e+001 3.38829780e+000 2.06382966e+000 1.46223402e+001
    1.18941483e+002 2.19734039e+001 3.40425515e+000 4.61702108e+000
    1.33039886e+002 2.69787216e+001 3.20744681e+000 4.23936176e+000
    2.71010628e+001 7.30053186e+000 5.22074461e+000 2.39601059e+001
    8.11170197e+001 2.79414883e+001 1.39175529e+001 8.89893627e+000
    9.00531864e+000 4.02659559e+000 8.01595688e+000 1.28031912e+001
    2.03643608e+001 1.07872334e+001 1.83882980e+001 1.10930843e+001
    8.40957451e+000 3.76329780e+000 5.43351030e+000 5.00797844e+000
    2.08298759e+001 1.55933619e+001 1.17219925e+001 1.07385902e+001
    1.88796692e+001 1.24439840e+001 1.29917021e+001 1.65145245e+001
    7.09211655e+001 2.49751053e+001 1.09253120e+001 9.27800846e+000
    9.95020771e+000 1.14107885e+001 1.26804981e+001 2.85186729e+001
    1.17248970e+002 2.75186729e+001 6.43568516e+000 4.85062265e+000
    6.09958553e+000 5.63900423e+000 8.83402538e+000 4.97012482e+001
    7.62697144e+001 1.74232368e+001 5.47717857e+000 4.14107895e+000
    1.10663910e+001 9.59751129e+000 1.60414944e+001 3.59875526e+001
    3.07634869e+001 1.64937763e+001 8.01244831e+000 9.81742764e+000
    2.11659756e+001 2.20165977e+001 2.48174286e+001 2.58921185e+001
    8.68506241e+001 2.60622425e+001 7.90041542e+000 8.68049812e+000
    1.96265564e+001 2.51286316e+001 2.45435696e+001 3.24937782e+001
    1.36593369e+002 3.63734474e+001 6.56846523e+000 4.21161842e+000
    7.05394220e+000 8.89626598e+000 1.09294615e+001 4.88464737e+001
    9.58423309e+001 2.59585075e+001 7.55601692e+000 6.15352726e+000
    1.13858929e+001 1.04273863e+001 1.11784239e+001 3.74356880e+001
    3.25228233e+001 2.49004154e+001 1.70746899e+001 1.29502077e+001
    1.87178440e+001 1.72323666e+001 1.78091297e+001 1.98755188e+001
    7.27593384e+001 3.38506241e+001 1.77053947e+001 1.57676353e+001
    2.11991711e+001 2.45684662e+001 2.59253120e+001 2.84771805e+001
    1.33016602e+002 5.67800865e+001 1.66804981e+001 7.73444033e+000
    7.48547745e+000 7.78008318e+000 9.30290508e+000 3.57095451e+001
    9.09709625e+001 4.68921204e+001 1.81493778e+001 8.45228291e+000
    9.12448215e+000 7.25726175e+000 8.52697182e+000 2.23568478e+001
    2.14356861e+001 2.21618271e+001 1.84232368e+001 1.16929464e+001
    2.02240677e+001 1.42987556e+001 1.60373459e+001 1.00871372e+001
    5.10912895e+001 3.66805000e+001 2.34315357e+001 1.31908722e+001
    1.41410799e+001 1.24647312e+001 1.66141090e+001 1.88215771e+001
    1.04526978e+002 5.56722031e+001 1.52904568e+001 6.28215790e+000
    7.01659775e+000 8.05394268e+000 8.88381767e+000 2.67261429e+001
    7.43693008e+001 4.49502106e+001 1.70954361e+001 6.66805029e+000
    5.75518703e+000 5.95850658e+000 8.46473026e+000 1.53734446e+001
    2.42140465e+001 3.63511696e+001 4.94782600e+001 2.63344479e+001
    8.45150471e+000 6.10702324e+000 8.07023430e+000 1.06321068e+001
    2.63545151e+001 4.38929749e+001 6.25886269e+001 3.22073593e+001
    1.65685616e+001 9.51839447e+000 1.08862877e+001 1.11906357e+001
    3.28662186e+001 4.01806030e+001 4.67290955e+001 3.09264202e+001
    1.97357864e+001 1.25585279e+001 1.47224083e+001 1.60401344e+001
    1.95886288e+001 1.74314384e+001 2.22709026e+001 2.32173920e+001
    2.19531765e+001 1.89364548e+001 1.81204014e+001 1.73913040e+001
    2.49498329e+001 3.49966545e+001 3.85317726e+001 3.82374573e+001
    2.28294315e+001 1.57558527e+001 1.56153841e+001 1.18093643e+001
    3.51872902e+001 5.81605339e+001 8.40267563e+001 6.54381256e+001
    3.18996658e+001 1.55551834e+001 1.04180603e+001 9.70234108e+000
    1.10548492e+002 7.63712387e+001 4.75451508e+001 2.46153851e+001
    1.49397993e+001 1.10434780e+001 1.44782610e+001 3.55016708e+001
    4.01705666e+001 1.86086960e+001 1.67056847e+001 2.27357864e+001
    3.18327751e+001 2.83478260e+001 2.49498329e+001 2.95284271e+001
    1.94180603e+001 1.46688967e+001 1.62341137e+001 2.44916382e+001
    2.75117054e+001 3.09699001e+001 4.16923065e+001 2.54381275e+001
    3.51806030e+001 1.46755848e+001 1.72207355e+001 2.72642136e+001
    3.90568542e+001 5.52709007e+001 5.62608681e+001 4.66688957e+001
    1.17571907e+002 4.68729095e+001 2.24180603e+001 1.54615383e+001
    1.27056856e+001 1.51505013e+001 3.16722412e+001 7.29197311e+001
    4.27424736e+001 2.61839466e+001 2.86889629e+001 3.59163895e+001
    3.34648819e+001 1.87826080e+001 1.36688967e+001 2.10903015e+001
    1.40735788e+001 1.14816055e+001 1.21973248e+001 1.36889629e+001
    1.87525082e+001 2.77759190e+001 3.54715729e+001 2.26722412e+001
    1.68829422e+001 1.36588631e+001 1.42508364e+001 1.50267553e+001
    2.00367889e+001 3.25652161e+001 4.72408028e+001 3.74247475e+001
    3.39933090e+001 2.61270905e+001 2.39163876e+001 1.54280939e+001
    1.44214048e+001 2.10100327e+001 3.29364548e+001 4.13511696e+001
    2.69297657e+001 24. 2.55518398e+001 1.91036797e+001 1.96220741e+001
    1.33545151e+001 1.23578596e+001 1.48428097e+001 6.84276724e+000
    4.40880489e+000 3.09999981e+001 6.38867912e+001 2.78679237e+001
    3.79874206e+000 3.06918240e+000 5.37735844e+000 5.70440245e+000
    1.42452822e+001 1.05880501e+002 6.96918182e+001 1.23647795e+001
    4.11320734e+000 5.83018827e+000 6.45282984e+000 6.67924500e+000
    2.36163521e+001 1.01276726e+002 3.48176079e+001 5.02515697e+000
    7.01257849e+000 1.67169800e+001 1.15283012e+001 1.07610064e+001
    2.02264137e+001 6.36415062e+001 1.94276714e+001 1.23522005e+001
    8.29559708e+000 1.79308167e+001 1.11949682e+001 6.89937067e+000
    6.65408802e+000 1.73710690e+001 6.76981125e+001 1.08364777e+002
    2.10943394e+001 3.79245281e+000 4.83647776e+000 7.98930817e+001
    2.25031433e+001 4.37735825e+001 4.95597458e+001 4.89245262e+001
    1.27547169e+001 2.54339619e+001 6.74905624e+001 3.71132050e+001
    1.45031443e+001 3.10943394e+001 2.01823883e+001 2.69874210e+001
    3.26037712e+001 7.45031433e+001 5.63521996e+001 3.65471687e+001
    2.00503139e+001 1.65597477e+001 7.50943375e+000 1.53710690e+001
    2.11635208e+001 5.57987404e+001 3.27861633e+001 1.46603765e+001
    9.98742104e+000 4.36477995e+000 1.92452831e+001 1.11006287e+002
    5.43521996e+001 9.91194916e+000 6.40880489e+000 1.05836472e+002
    4.38993683e+001 1.34276724e+001 1.36100626e+001 5.73521996e+001
